512.4399732688559 1
2149.988999664993 2
2149.9540739565236 2
2149.313421433475 2
2149.739062976162 2
2149.9540739565236 2
5018.2761625849325 3
2149.964098556101 2
2149.964098556101 2
5019.2877281163765 3
2149.964098556101 2
2149.988999664993 2
2149.964098556101 2
5013.96180892374 3
2149.964098556101 2
5025.506959415782 3
5016.170998995946 3
2149.988999664993 2
5020.270752177687 3
5021.224242470099 3
5023.038198361497 3
5019.2877281163765 3
9149.756275931224 4
9045.274459345042 4
5022.147118486193 3
9132.894929427055 4
5021.224242470099 3
9189.58683997628 4
14595.665630705824 5
9135.380323820564 4
14588.275279403013 5
9035.851167349705 4
14602.934262107923 5
9039.008694886388 4
14451.294440644207 5
9160.97945753794 4
14281.345963370586 5
8919.656886468047 4
38965.742109802515 8
21371.231681030742 6
9114.834700007597 4
21266.00528788093 6
14565.408453647264 5
20933.240671122065 6
21048.307632226642 6
20870.14834493365 6
20912.371141173153 6
14584.535585721927 5
21182.30466879404 6
21349.956780127213 6
27671.912492047042 7
62139.77331612033 10
38410.87348883833 8
20581.136660992222 6
20695.14744423982 6
38257.71809351966 8
49597.80122262768 9
38367.56182512212 8
29083.941906746415 7
38793.12264737479 8
48905.957058379114 9
21008.332250602445 6
38421.6442812509 8
75065.36125387251 11
37065.353970407064 8
48312.93941484924 9
38345.77032208224 8
38506.97148609031 8
48269.227599824684 9
92287.77049566721 12
61654.643109437675 10
112022.86460765972 13
75800.68145899524 11
48795.83539132426 9
61900.640304380715 10
113712.66508722155 13
92030.3390861466 12
77211.9782354305 11
91258.99943235844 12
92138.05343542565 12
75745.4508140866 11
92729.10655454276 12
131147.4294884842 14
92478.3715273419 12
104239.81267496009 13
91168.98289168571 12
172196.14645211812 15
107690.0840162721 13
111949.2940029668 13
166236.6900553447 15
224334.4894592024 16
223531.9490019909 16
304188.8552139201 17
309488.7611790466 17
218513.67720936635 16
462897.49092682643 18
753053.3620914615 19
311070.0880584685 17
1303966.9654117962 20
463704.5196720452 18
1296696.5056899479 20
2378458.022035902 21
2375397.824816404 21
1300099.840236275 20
33950210.180512145 25
4495134.293730767 22
17144489.151856165 24
33947439.00841343 25
