513.4194329659408 1
2149.988999664993 2
2149.964098556101 2
5018.2761625849325 3
2149.313421433475 2
9191.162099733898 4
2149.8377997990897 2
515.7293808435418 1
5020.270752177687 3
5021.224242470099 3
2149.988999664993 2
2149.913226044195 2
2149.964098556101 2
2149.988999664993 2
5018.2761625849325 3
2149.964098556101 2
5026.256363523016 3
2149.986294709256 2
5023.038198361497 3
5022.147118486193 3
5023.896182881493 3
5022.147118486193 3
5019.2877281163765 3
2149.986294709256 2
5023.038198361497 3
5018.2761625849325 3
5024.719635813122 3
5024.719635813122 3
5024.719635813122 3
2149.964098556101 2
5019.2877281163765 3
5017.2369705907395 3
5022.147118486193 3
5021.224242470099 3
5026.96582588445 3
9186.292042124109 4
5019.2877281163765 3
5026.256363523016 3
5024.719635813122 3
2149.988999664993 2
5023.038198361497 3
2149.988999664993 2
5027.633040365744 3
5023.896182881493 3
5019.2877281163765 3
5021.224242470099 3
2149.988999664993 2
2149.988999664993 2
5024.719635813122 3
5022.147118486193 3
2149.988999664993 2
5026.256363523016 3
5025.506959415782 3
9177.295955565198 4
5013.96180892374 3
5027.633040365744 3
5019.2877281163765 3
5019.2877281163765 3
5021.224242470099 3
5020.270752177687 3
5021.224242470099 3
5023.038198361497 3
5023.896182881493 3
5016.170998995946 3
5020.270752177687 3
5021.224242470099 3
2149.964098556101 2
5025.506959415782 3
9192.68633409604 4
2149.988999664993 2
5024.719635813122 3
5022.147118486193 3
5019.2877281163765 3
5020.270752177687 3
5021.224242470099 3
4974.405575839931 3
5019.2877281163765 3
5016.170998995946 3
9182.817455976632 4
5023.038198361497 3
5023.038198361497 3
5024.719635813122 3
9145.069500149822 4
5024.719635813122 3
9167.35002491506 4
5024.719635813122 3
5022.147118486193 3
5023.896182881493 3
5026.96582588445 3
5021.224242470099 3
5016.170998995946 3
14442.197551194999 5
4988.649479068214 3
9120.109479625953 4
5015.079034242259 3
5026.96582588445 3
5015.079034242259 3
9158.793597522206 4
5017.2369705907395 3
9120.109479625953 4
9179.175903267498 4
9158.793597522206 4
9019.822949816014 4
9194.157014813387 4
9154.332481055757 4
21054.90026369404 6
9125.293868379831 4
9145.069500149822 4
9106.758574227595 4
9130.385131428657 4
9130.385131428657 4
5017.2369705907395 3
5008.019294011269 3
14688.911206496588 5
9140.276263629541 4
9165.258404742544 4
9087.188574973703 4
9189.58683997628 4
9167.35002491506 4
5012.820007417454 3
9142.685946958687 4
14473.67515972497 5
9177.295955565198 4
9142.685946958687 4
9117.483225305838 4
14591.985440567812 5
5018.2761625849325 3
9149.756275931224 4
9137.840909256109 4
9152.058471905439 4
21277.55785333445 6
9072.625053444812 4
9156.577725454292 4
9147.426443644452 4
5020.270752177687 3
9160.97945753794 4
14512.593682609848 5
9114.834700007597 4
9127.851319459178 4
9135.380323820564 4
9169.408691482031 4
14460.309427554863 5
5013.96180892374 3
9175.378187074351 4
9147.426443644452 4
5015.079034242259 3
9075.57511946295 4
9147.426443644452 4
9114.834700007597 4
9145.069500149822 4
9179.175903267498 4
9106.758574227595 4
21391.997380162098 6
9140.276263629541 4
9042.149843077339 4
9154.332481055757 4
5013.96180892374 3
9117.483225305838 4
9098.49267033552 4
8979.800277549513 4
9135.380323820564 4
9181.016834159147 4
9145.069500149822 4
14529.292663944512 5
9145.069500149822 4
9187.962811309775 4
14646.91420166846 5
9171.433554439702 4
21402.181376912155 6
14557.564645383476 5
9160.97945753794 4
9173.423708485365 4
9167.35002491506 4
9063.66598457967 4
9169.408691482031 4
14491.195432449642 5
9125.293868379831 4
9114.834700007597 4
9169.408691482031 4
5016.170998995946 3
9114.834700007597 4
14327.101692923994 5
21283.2942908046 6
9092.88020852836 4
14588.275279403013 5
5024.719635813122 3
14537.49672190383 5
9140.276263629541 4
14537.49672190383 5
9087.188574973703 4
9147.426443644452 4
14573.143470631816 5
14442.197551194999 5
21417.198995526123 6
9165.258404742544 4
9154.332481055757 4
14414.429060334412 5
21469.39861641756 6
9167.35002491506 4
14281.345963370586 5
9177.295955565198 4
