514.8278426537764 1
2149.964098556101 2
515.7293808435418 1
2149.79154254127 2
2149.739062976162 2
2149.988999664993 2
2149.988999664993 2
2149.988999664993 2
5011.6542707371345 3
2149.964098556101 2
5020.270752177687 3
5023.038198361497 3
5013.96180892374 3
5023.896182881493 3
2149.988999664993 2
5017.2369705907395 3
5023.038198361497 3
5011.6542707371345 3
5021.224242470099 3
5019.2877281163765 3
2149.988999664993 2
9177.295955565198 4
5011.6542707371345 3
5005.486447528147 3
9179.175903267498 4
5026.256363523016 3
9125.293868379831 4
14634.0258346237 5
9135.380323820564 4
9142.685946958687 4
9122.713139149448 4
5019.2877281163765 3
9173.423708485365 4
5012.820007417454 3
5023.038198361497 3
14653.121096100667 5
9177.295955565198 4
9179.175903267498 4
9184.57636729794 4
14665.021749554142 5
9175.378187074351 4
5017.2369705907395 3
9152.058471905439 4
5020.270752177687 3
5026.256363523016 3
14620.54728337078 5
9156.577725454292 4
9179.175903267498 4
14610.077324411628 5
5022.147118486193 3
5018.2761625849325 3
14602.934262107923 5
14637.305126452598 5
5026.256363523016 3
9127.851319459178 4
9167.35002491506 4
9175.378187074351 4
9098.49267033552 4
9156.577725454292 4
14606.521741618839 5
9171.433554439702 4
5028.255347850331 3
9165.258404742544 4
21516.41364510178 6
9117.483225305838 4
9165.258404742544 4
9198.217072654083 4
9137.840909256109 4
5024.719635813122 3
9154.332481055757 4
9181.016834159147 4
9154.332481055757 4
14591.985440567812 5
9165.258404742544 4
9140.276263629541 4
9140.276263629541 4
9149.756275931224 4
9112.16421650443 4
14541.561436099797 5
9152.058471905439 4
9173.423708485365 4
14670.697066815721 5
9147.426443644452 4
9165.258404742544 4
9182.817455976632 4
5024.719635813122 3
5026.256363523016 3
14623.969754676964 5
9175.378187074351 4
5028.82964176195 3
9163.134630849212 4
14516.80412985444 5
9158.793597522206 4
9165.258404742544 4
9171.433554439702 4
14595.665630705824 5
9142.685946958687 4
14627.357445794212 5
9169.408691482031 4
14573.143470631816 5
5026.256363523016 3
5024.719635813122 3
9177.295955565198 4
9152.058471905439 4
9187.962811309775 4
9158.793597522206 4
9098.49267033552 4
9152.058471905439 4
14613.600480669787 5
9130.385131428657 4
9177.295955565198 4
9186.292042124109 4
9165.258404742544 4
9149.756275931224 4
9117.483225305838 4
21417.198995526123 6
9167.35002491506 4
9189.58683997628 4
9140.276263629541 4
9160.97945753794 4
14665.021749554142 5
9122.713139149448 4
9132.894929427055 4
9186.292042124109 4
9142.685946958687 4
9181.016834159147 4
14541.561436099797 5
9122.713139149448 4
9179.175903267498 4
9160.97945753794 4
9181.016834159147 4
5028.255347850331 3
5023.038198361497 3
14683.99064392508 5
9142.685946958687 4
9152.058471905439 4
9160.97945753794 4
9163.134630849212 4
9140.276263629541 4
9156.577725454292 4
14630.709701222393 5
29513.377081988154 7
21391.997380162098 6
9173.423708485365 4
14516.80412985444 5
9181.016834159147 4
9165.258404742544 4
14486.848187883928 5
21300.341226117795 6
9160.97945753794 4
14569.289738765034 5
14606.521741618839 5
9163.134630849212 4
14630.709701222393 5
9194.157014813387 4
14620.54728337078 5
9167.35002491506 4
9167.35002491506 4
14549.614781435781 5
9158.793597522206 4
9163.134630849212 4
9187.962811309775 4
14623.969754676964 5
14482.478922537935 5
14347.00404474261 5
9158.793597522206 4
9140.276263629541 4
9169.408691482031 4
9147.426443644452 4
9122.713139149448 4
9160.97945753794 4
9132.894929427055 4
14442.197551194999 5
9154.332481055757 4
14433.020145973891 5
9167.35002491506 4
14573.143470631816 5
9156.577725454292 4
9173.423708485365 4
21431.89503577217 6
9186.292042124109 4
14599.31539514954 5
14541.561436099797 5
14595.665630705824 5
9165.258404742544 4
9156.577725454292 4
8993.37653916906 4
9122.713139149448 4
9147.426443644452 4
14584.535585721927 5
14580.766782771341 5
9158.793597522206 4
14646.91420166846 5
21349.956780127213 6
14610.077324411628 5
21277.55785333445 6
14549.614781435781 5
9175.378187074351 4
14576.969279361287 5
9156.577725454292 4
14569.289738765034 5
